ÅyID=68ÅzêVóléÆî[ïtèë
10428160 04 0401010101    42842800006070940         02        00000000001                50 06      0000001728000000000000000000000000000000000017280303000428070842807110188  000    00100000268  1                                                                                           0    20162016
10428160 04 0401010101    42842800005001517         01        00000000002                50 05      0000031330800000000000000000000000000000000313308303000428070842807110188  000    00100000368  1                                                                                           0    20162016
10428160 04 0401010101    42842800007000166         01        00000000003                50 07      0000086184000000000000000000000000000000000861840303000428070842807110188  000    00100000468  1                                                                                           0    20162016
10428160 04 0401010101    42842800010000314         01        00000000004                50 10      0000000550200000000000000000000000000000000005502303000428070842807110188  000    00100000568  1                                                                                           0    20162016
10428160 04 0401010101    42842800031060008         01        00000000005                50 31      0000001614100000000000000000000000000000000016141303000428070842807110188  000    00100000668  1                                                                                           0    20162016
10428160 04 0401010101    42842800012020820         02        00000000006                50 12      0000064860000000000000000000000000000000000648600303000428070842807110188  000    00100000768  1                                                                                           0    20162016
10428160 04 0401010101    42842800000010074         03        00000000007                50 00      0000002446500000000000000000000000000000000024465303000428070842807110188  000    00100000868  1                                                                                           0    20162016
10428160 04 0401010101    42842800001001140         01        00000000008                50 01      0000000486000000000000000000000000000000000004860303000428070842807110188  000    00100000968  1                                                                                           0    20162016
10428160 04 0401010101    42842800008001140         01        00000000009                50 08      0000000003200000000000000000000000000000000000032303000428070842807110188  000    00100001068  1                                                                                           0    20162016

ÅyID=01ÅzãåóléÆî[ïtèë
1042816  04 0401010101    42842806070940            02                                   0          0000001728000000000000000000000000000000000017280303000428070842807110187  000    40104000201  1                                                                                                20162016
1042816  04 0401010101    42842805001517            01                                   0          0000031330800000000000000000000000000000000313308303000428070842807110187  000    40104000301  1                                                                                                20162016
1042816  04 0401010101    42842807000166            01                                   0          0000086184000000000000000000000000000000000861840303000428070842807110187  000    40104000401  1                                                                                                20162016
1042816  04 0401010101    42842810000314            01                                   0          0000000550200000000000000000000000000000000005502303000428070842807110187  000    40104000501  1                                                                                                20162016
1042816  04 0401010101    42842831060008            01                                   0          0000001614100000000000000000000000000000000016141303000428070842807110187  000    40104000601  1                                                                                                20162016
1042816  04 0401010101    42842812020820            02                                   0          0000064860000000000000000000000000000000000648600303000428070842807110187  000    40104000701  1                                                                                                20162016
1042816  04 0401010101    42842800010074            03                                   0          0000002446500000000000000000000000000000000024465303000428070842807110187  000    40104000801  1                                                                                                20162016
1042816  04 0401010101    42842801001140            01                                   0          0000000486000000000000000000000000000000000004860303000428070842807110187  000    40104000901  1                                                                                                20162016
1042816  04 0401010101    42842808001140            01                                   0          0000000003200000000000000000000000000000000000032303000428070842807110187  000    40104001001  1                                                                                                20162016

ÅyID=900ÅzÉRÉìÉrÉjÉfÅ[É^
1042816  04 0401010101    4284280000010                                                  00 0       00000017280000000000000000000000000000000000172803030004280627428071103711 1111111950000001900 322828160000000010  00911                           æÃﬁ›≤⁄Ãﬁ                                     20162016
1042816  04 0401010101    4284280000011                                                  00 0       00000013308000000000000000000000000000000000133083030004280627428071103711 2222222950000002900 322828160000000011  01014                           æÃﬁ›≤⁄Ãﬁ                                     20162016
1042816  04 0401010101    4284280000012                                                  00 0       00000061840000000000000000000000000000000000618403030004280627428071103711 3333333950000003900 322828160000000012  01024                           æÃﬁ›≤⁄Ãﬁ                                     20162016
1042816  04 0401010101    4284280000013                                                  00 0       00000005502000000000000000000000000000000000055023030004280627428071103711 4444444950000004900 322828160000000013  01140                           æÃﬁ›≤⁄Ãﬁ                                     20162016
1042816  04 0401010101    4284280000020                                                  00 0       00000002300000000000000000000000000000000000023003030004280628428071103711 1111111950000005900 322828160000000020  01532                           æÃﬁ›≤⁄Ãﬁ                                     20162016
1042816  04 0401010101    4284280000021                                                  00 0       00000003400000000000000000000000000000000000034003030004280628428071103711 2222222950000006900 322828160000000021  01812                           æÃﬁ›≤⁄Ãﬁ                                     20162016
1042816  04 0401010101    4284280000022                                                  00 0       00000004500000000000000000000000000000000000045003030004280628428071103711 3333333950000007900 322828160000000022  02230                           æÃﬁ›≤⁄Ãﬁ                                     20162016
1042816  04 0401010101    4284280000015                                                  00 0       00000048600000000000000000000000000000000000486003030004280627428071154032 6666666950000008900 322828160000000015  00051                           ª∞∏ŸK                                        20162016
1042816  04 0401010101    4284280000016                                                  00 0       00000024465000000000000000000000000000000000244653030004280627428071154032 7777777950000009900 322828160000000016  00203                           ª∞∏ŸK                                        20162016
1042816  04 0401010101    4284280000017                                                  00 0       00000004860000000000000000000000000000000000048603030004280627428071154032 8888888950000010900 322828160000000017  00256                           ª∞∏ŸK                                        20162016
1042816  04 0401010101    4284280000018                                                  00 0       00000000032000000000000000000000000000000000000323030004280627428071154032 9999999950000011900 322828160000000018  00905                           ª∞∏ŸK                                        20162016
1042816  04 0401010101    4284280000019                                                  00 0       00000001200000000000000000000000000000000000012003030004280627428071154032 0000000950000012900 322828160000000019  00906                           ª∞∏ŸK                                        20162016
1042816  04 0401010101    4284280000023                                                  00 0       00000005600000000000000000000000000000000000056003030004280628428071154032 6666666950000013900 322828160000000023  01103                           ª∞∏ŸK                                        20162016
1042816  04 0401010101    4284280000024                                                  00 1       00000006800000000000000000000000000000000000068003030004280628428071154032 7777777950000014900 322828160010000024  01318                           ª∞∏ŸK                                        20162016
1042816  04 0401010101    4284280000025                                                  00 2       00000000100000000000000000000000000000000000001003030004280628428071154032 8888888950000015900 322828160020000025  01640                           ª∞∏ŸK                                        20162016
1042816  04 0401010101    4284280000026                                                  00 3       00000001000000000000000000000000000000000000010003030004280628428071154032 9999999950000016900 322828160030000026  02159                           ª∞∏ŸK                                        20162016

ÅyID=910ÅzÇlÇoÇmÉfÅ[É^
10428160 04 0401010101    42842800006070940         02        00000000010                50 06      0000001728000000000000000000000000000000000017280303000428070642807110187  000    960000001910 442828160000000010    161602301             47207000                                        0    20162016
10428160 04 0401010101    42842800001001140         01        00000000025                50 01      0000000010000000000000000000000000000000000000100303000428070642807119375  000    960000002910 442828160020000025    161601301             47207000                                        2    20162016
10428160 04 0401010101    42842800001001140         01        00000000028                50 01      0000000900000000000000000000000100000000000010000303000428070642807119496  000    960000003910 452828160050000028    161601301             47207000                                        5    20162016
10428160 04 0401010101    42842800001001140         01        00000000029                50 01      0000000010000000000000000000000100000000000001100303000428070642807119900  000    960000004910 422828160060000029    161601301             47207000                                        6    20162016
10428160 04 0401010101    42842800010000314         01        00000000013                50 10      0000000550200000000000000000000000000000000005502303000428070742807119900  000    960000005910 402828160000000013    161601301             47207000                                        0    20162016
10428160 04 0401010101    42842800031060008         01        00000000014                50 31      0000001614100000000000000000000000000000000016141303000428070742807119900  000    960000006910 402828160000000014    161601301             47207000                                        0    20162016
10428160 04 0401010101    42842800001001140         01        00000000020                50 01      0000000230000000000000000000000000000000000002300303000428070742807119900  000    960000007910 402828160000000020    161601301             47207000                                        0    20162016
10428160 04 0401010101    42842800001001140         01        00000000024                50 01      0000000680000000000000000000000000000000000006800303000428070742807119900  000    960000008910 402828160010000024    161601301             47207000                                        1    20162016
10428160 04 0401010101    42842800001001140         01        00000000026                50 01      0000000000000000000000000000000100000000000001000303000428070742807119900  000    960000009910 402828160030000026    161601301             47207000                                        3    20162016
10428160 04 0401010101    42842800005001517         01        00000000011                50 05      0000001330800000000000000000000000000000000013308303000428070742807119900  000    960000010910 402828160000000011    161601301             47207000                                        0    20162016
10428160 04 0401010101    42842800007000166         01        00000000012                50 07      0000006184000000000000000000000000000000000061840303000428070742807119900  000    960000011910 402828160000000012    161601301             47207000                                        0    20162016
10428160 04 0401010101    42842800000010074         03        00000000016                50 00      0000002446500000000000000000000000000000000024465303000428070742807119900  000    960000012910 402828160000000016    161603301             47207000                                        0    20162016
10428160 04 0401010101    42842800001001140         01        00000000017                50 01      0000000486000000000000000000000000000000000004860303000428070742807119900  000    960000013910 402828160000000017    161601301             47207000                                        0    20162016
10428160 04 0401010101    42842800001001140         01        00000000021                50 01      0000000340000000000000000000000000000000000003400303000428070742807119900  000    960000014910 402828160000000021    161601301             47207000                                        0    20162016
10428160 04 0401010101    42842800001001140         01        00000000022                50 01      0000000450000000000000000000000000000000000004500303000428070742807119900  000    960000015910 402828160000000022    161601301             47207000                                        0    20162016
10428160 04 0401010101    42842800001001140         01        00000000023                50 01      0000000560000000000000000000000000000000000005600303000428070742807119900  000    960000016910 402828160000000023    161601301             47207000                                        0    20162016
10428160 04 0401010101    42842800001001140         01        00000000027                50 01      0000000780000000000000000000000100000000000008800303000428070742807119900  000    960000017910 402828160040000027    161601301             47207000                                        4    20162016
10428160 04 0401010101    42842800008001140         01        00000000018                50 08      0000000003200000000000000000000000000000000000032303000428070742807119900  000    960000018910 402828160000000018    161601301             47207000                                        0    20162016
10428160 04 0401010101    42842800001001140         01        00000000019                50 01      0000000120000000000000000000000000000000000001200303000428070742807119900  000    960000019910 402828160000000019    161601301             47207000                                        0    20162016
10428160 04 0401010101    42842800012020820         02        00000000015                50 12      0000004860000000000000000000000000000000000048600303000428070742807110188  000    960000020910 452828160000000015    161602301             47207000                                        0    20162016
